id,name,age
63,user63,3
